test1.jpg,940,554,1062,677,0.98909515
test1.jpg,801,499,894,607,0.97161824
test1.jpg,615,517,710,623,0.9621451
test1.jpg,573,672,668,785,0.8519335
test1.jpg,301,0,325,32,0.85157645
test1.jpg,830,666,914,755,0.85019225
test1.jpg,1122,456,1191,529,0.8481983
test1.jpg,765,718,833,798,0.8406651
test1.jpg,743,161,888,293,0.8359477
test1.jpg,881,167,966,235,0.79571825
test1.jpg,883,514,913,561,0.6955054
test1.jpg,1066,519,1097,567,0.42931187
test1.jpg,45,437,256,601,0.36481327
test1.jpg,304,0,324,8,0.23678537
test1.jpg,927,182,985,269,0.23599564
test1.jpg,1182,657,1198,721,0.20887321
test1.jpg,649,693,792,799,0.19257233
test1.jpg,51,451,115,546,0.19246349
test1.jpg,883,175,930,227,0.16916808
test1.jpg,838,494,885,513,0.10114503
test1.jpg,931,224,983,267,0.09913559
test1.jpg,844,177,886,246,0.09369357
test1.jpg,247,523,347,617,0.0927468
test1.jpg,676,610,747,699,0.08505195
test1.jpg,605,556,641,608,0.07839086
test1.jpg,1115,200,1200,283,0.07313627
test1.jpg,732,570,817,669,0.072437584
test1.jpg,927,140,955,171,0.05373401
test1.jpg,891,167,930,186,0.052634895
test10.jpg,780,248,827,308,0.98504204
test10.jpg,0,585,28,612,0.9702096
test10.jpg,21,440,165,576,0.96022695
test10.jpg,32,577,56,602,0.9342297
test10.jpg,779,166,955,281,0.84127426
test10.jpg,987,462,998,498,0.7938441
test10.jpg,34,579,73,619,0.7533826
test10.jpg,792,128,895,197,0.7133329
test10.jpg,931,294,968,322,0.6978458
test10.jpg,600,321,819,554,0.670022
test10.jpg,739,630,770,665,0.3743614
test10.jpg,333,617,367,648,0.34014714
test10.jpg,44,413,70,443,0.29554218
test10.jpg,760,212,796,241,0.2790227
test10.jpg,45,413,91,447,0.23636968
test10.jpg,51,642,82,667,0.22020279
test10.jpg,64,431,96,447,0.21835552
test10.jpg,893,252,937,294,0.1833391
test10.jpg,832,3,858,29,0.1645055
test10.jpg,9,538,44,584,0.15529524
test10.jpg,942,187,976,218,0.13590895
test10.jpg,139,143,235,222,0.1135964
test10.jpg,336,648,366,664,0.088552885
test10.jpg,788,159,802,184,0.081639804
test10.jpg,12,557,41,587,0.07980633
test10.jpg,803,2,859,30,0.07415182
test10.jpg,833,130,896,178,0.073668756
test10.jpg,954,408,998,462,0.0606536
test10.jpg,800,0,826,17,0.05996192
test10.jpg,552,616,589,647,0.05613382
test10.jpg,4,380,51,428,0.05390027
test11.jpg,537,571,616,640,0.99985325
test11.jpg,440,119,516,195,0.99983084
test11.jpg,269,441,337,515,0.9997861
test11.jpg,566,48,638,121,0.99967563
test11.jpg,152,579,223,636,0.9990677
test11.jpg,567,141,613,204,0.9988908
test11.jpg,192,218,221,242,0.9882897
test11.jpg,443,600,509,640,0.9811509
test11.jpg,531,281,550,294,0.8881222
test11.jpg,145,163,172,181,0.8606254
test11.jpg,364,182,391,202,0.77325827
test11.jpg,398,112,421,125,0.73226315
test11.jpg,151,0,167,20,0.6932165
test11.jpg,536,327,563,355,0.685869
test11.jpg,280,183,300,200,0.49640203
test11.jpg,234,388,267,420,0.48450854
test11.jpg,360,204,383,229,0.4773492
test11.jpg,378,196,421,249,0.41497135
test11.jpg,232,406,251,445,0.30663043
test11.jpg,564,82,575,116,0.21264325
test11.jpg,226,208,236,223,0.21095914
test11.jpg,311,162,321,175,0.20555633
test11.jpg,382,359,411,384,0.19322674
test11.jpg,221,368,248,389,0.18628778
test11.jpg,579,128,594,141,0.16268913
test11.jpg,227,207,251,228,0.15648507
test11.jpg,549,0,579,10,0.141245
test11.jpg,564,103,573,116,0.12586261
test11.jpg,231,391,262,442,0.11353633
test11.jpg,235,392,254,419,0.11231164
test11.jpg,539,326,579,358,0.10165315
test11.jpg,555,506,574,532,0.09392468
test11.jpg,65,260,87,289,0.09293366
test11.jpg,386,206,449,262,0.08897147
test11.jpg,357,209,372,230,0.0851359
test11.jpg,439,624,456,636,0.08218979
test11.jpg,30,0,41,11,0.07436137
test11.jpg,580,125,600,144,0.07341091
test11.jpg,269,425,293,451,0.064464554
test11.jpg,479,59,493,70,0.05899004
test11.jpg,164,626,189,637,0.05897871
test11.jpg,546,327,563,347,0.05635884
test11.jpg,536,586,548,617,0.052790243
test11.jpg,520,137,534,166,0.050214548
test12.jpg,570,167,640,252,0.9998654
test12.jpg,510,82,588,161,0.9997987
test12.jpg,567,562,638,631,0.9997948
test12.jpg,296,327,318,352,0.9957008
test12.jpg,435,430,460,462,0.9956512
test12.jpg,531,184,556,205,0.9925795
test12.jpg,442,71,500,130,0.9690239
test12.jpg,294,300,319,320,0.9682254
test12.jpg,169,253,193,275,0.96037567
test12.jpg,375,346,401,372,0.92253584
test12.jpg,151,506,166,532,0.9081204
test12.jpg,162,164,194,191,0.8435078
test12.jpg,356,453,379,476,0.84243256
test12.jpg,266,366,289,390,0.76231724
test12.jpg,476,56,511,89,0.6601457
test12.jpg,185,281,205,300,0.61541146
test12.jpg,562,589,575,628,0.5251732
test12.jpg,396,456,420,479,0.4925891
test12.jpg,552,490,579,519,0.47949234
test12.jpg,541,217,558,244,0.47536972
test12.jpg,594,254,611,281,0.4664721
test12.jpg,424,101,459,132,0.4630714
test12.jpg,543,223,555,242,0.44497833
test12.jpg,127,477,139,494,0.4437299
test12.jpg,187,4,222,26,0.4328794
test12.jpg,207,229,236,251,0.37256765
test12.jpg,600,269,640,322,0.28837207
test12.jpg,286,14,306,35,0.21000153
test12.jpg,310,310,329,326,0.20478739
test12.jpg,187,170,205,190,0.19693202
test12.jpg,418,471,438,489,0.19567548
test12.jpg,444,471,466,489,0.18656857
test12.jpg,623,127,640,152,0.15298438
test12.jpg,578,170,591,192,0.13773382
test12.jpg,28,124,49,145,0.11781376
test12.jpg,561,574,582,630,0.10620466
test12.jpg,74,284,103,309,0.09937812
test12.jpg,159,451,184,472,0.08119197
test12.jpg,563,616,574,628,0.06641528
test12.jpg,568,32,580,54,0.06113927
test12.jpg,93,27,117,53,0.05967142
test12.jpg,537,147,564,170,0.05717764
test13.png,99,673,131,704,0.99964595
test13.png,68,312,98,342,0.9996289
test13.png,269,659,298,686,0.99947304
test13.png,174,450,202,477,0.9993753
test13.png,328,380,360,410,0.9993742
test13.png,95,300,124,333,0.9992519
test13.png,39,574,77,608,0.9990312
test13.png,339,466,367,497,0.99887747
test13.png,31,657,60,684,0.9987025
test13.png,68,376,98,406,0.99865615
test13.png,249,686,275,712,0.99832314
test13.png,131,384,160,411,0.99825436
test13.png,506,623,535,653,0.99820626
test13.png,282,396,315,429,0.9980071
test13.png,554,351,582,381,0.9977724
test13.png,205,321,237,356,0.9975146
test13.png,45,403,67,428,0.9974147
test13.png,160,671,190,695,0.99722666
test13.png,267,699,295,728,0.9969811
test13.png,109,379,135,402,0.99688137
test13.png,146,429,175,456,0.9963625
test13.png,331,352,353,379,0.9956518
test13.png,409,485,432,511,0.99436116
test13.png,583,330,608,354,0.99409735
test13.png,10,544,45,575,0.9927362
test13.png,228,736,256,764,0.9920276
test13.png,532,368,554,389,0.9917665
test13.png,519,645,548,671,0.9910363
test13.png,282,915,303,938,0.99103534
test13.png,321,783,350,813,0.9908058
test13.png,104,405,126,431,0.9900748
test13.png,96,334,119,359,0.99000096
test13.png,211,651,234,673,0.98993415
test13.png,355,348,380,373,0.9894572
test13.png,172,169,190,188,0.9885725
test13.png,270,446,299,474,0.98810136
test13.png,477,767,500,791,0.9870328
test13.png,603,369,628,393,0.9869643
test13.png,404,737,427,760,0.9855042
test13.png,15,263,35,283,0.98312944
test13.png,161,584,186,607,0.98036385
test13.png,321,898,345,919,0.9802571
test13.png,51,309,69,328,0.97853905
test13.png,144,776,168,797,0.97738975
test13.png,26,423,44,445,0.97586524
test13.png,10,419,27,440,0.9750176
test13.png,137,148,156,167,0.97476393
test13.png,572,684,593,706,0.9721309
test13.png,235,769,251,791,0.9714811
test13.png,226,194,248,215,0.9713235
test13.png,113,225,135,243,0.9704822
test13.png,186,235,209,261,0.9693476
test13.png,594,695,614,711,0.967557
test13.png,140,168,158,185,0.9668151
test13.png,675,761,702,784,0.96602815
test13.png,79,429,103,454,0.9618176
test13.png,191,705,218,727,0.9501067
test13.png,692,228,717,254,0.94914865
test13.png,148,315,174,339,0.94405115
test13.png,40,376,67,400,0.9429617
test13.png,24,241,44,259,0.94048584
test13.png,284,470,305,488,0.9397312
test13.png,697,321,719,336,0.92649806
test13.png,234,279,253,303,0.91788965
test13.png,649,833,674,854,0.9082037
test13.png,514,718,538,740,0.9055904
test13.png,294,934,318,956,0.8982781
test13.png,151,479,176,502,0.88917804
test13.png,1,403,21,431,0.87391895
test13.png,682,303,707,326,0.86404586
test13.png,254,568,268,585,0.85577124
test13.png,447,760,461,781,0.8520298
test13.png,61,335,78,364,0.8472139
test13.png,537,701,560,721,0.84047747
test13.png,38,605,63,626,0.8101362
test13.png,1,254,13,274,0.804424
test13.png,239,212,262,235,0.7908409
test13.png,457,661,483,689,0.77561325
test13.png,248,829,263,847,0.7491147
test13.png,65,287,93,306,0.7052022
test13.png,2,673,21,697,0.68969977
test13.png,426,711,448,726,0.68538815
test13.png,279,611,296,626,0.663095
test13.png,181,803,191,822,0.5939102
test13.png,368,467,383,484,0.58543956
test13.png,111,623,128,645,0.57828796
test13.png,408,838,426,852,0.50353307
test13.png,362,805,376,816,0.41871178
test13.png,237,623,247,638,0.3924349
test13.png,439,583,449,597,0.38942948
test13.png,708,242,719,259,0.37289405
test13.png,50,379,68,399,0.36215642
test13.png,111,550,120,558,0.2652897
test13.png,399,660,407,667,0.18001191
test13.png,14,225,49,261,0.107809104
test13.png,34,364,73,402,0.0697742
test14.png,98,291,126,323,0.9996798
test14.png,124,655,156,685,0.9996753
test14.png,96,356,126,386,0.9994584
test14.png,57,638,86,664,0.99936014
test14.png,293,643,322,671,0.99934226
test14.png,532,611,561,641,0.9992675
test14.png,365,451,393,483,0.9991948
test14.png,66,554,102,588,0.99915683
test14.png,124,281,154,312,0.99908936
test14.png,357,363,388,393,0.9990428
test14.png,311,379,342,412,0.9989945
test14.png,201,433,229,459,0.99894196
test14.png,159,365,188,392,0.9987417
test14.png,74,383,97,409,0.99784434
test14.png,233,304,266,339,0.9976165
test14.png,585,337,613,365,0.9975037
test14.png,273,669,299,695,0.99732924
test14.png,184,652,215,677,0.9972523
test14.png,295,429,326,457,0.997024
test14.png,1,227,21,253,0.99701905
test14.png,175,412,201,437,0.9970048
test14.png,291,683,318,712,0.9967242
test14.png,360,336,383,361,0.9964425
test14.png,125,313,148,339,0.9963561
test14.png,11,394,33,419,0.9963296
test14.png,614,315,640,339,0.9961461
test14.png,48,244,65,263,0.9959842
test14.png,383,331,409,356,0.9947731
test14.png,545,634,575,659,0.9947336
test14.png,302,898,324,922,0.99451643
test14.png,137,358,163,384,0.99428904
test14.png,251,721,280,747,0.99403375
test14.png,22,232,45,255,0.99334586
test14.png,344,769,372,798,0.9929998
test14.png,633,356,659,382,0.99291444
test14.png,39,523,73,553,0.99154496
test14.png,617,680,640,701,0.9912373
test14.png,561,354,585,376,0.9887321
test14.png,428,724,450,747,0.9887289
test14.png,236,635,259,657,0.98858196
test14.png,55,405,74,424,0.9881771
test14.png,501,754,523,778,0.9878997
test14.png,25,387,49,409,0.98671603
test14.png,311,452,334,473,0.9862722
test14.png,70,356,97,382,0.98622847
test14.png,40,401,56,420,0.98511374
test14.png,599,671,620,693,0.98471385
test14.png,435,470,460,497,0.9825517
test14.png,187,566,211,591,0.98222256
test14.png,53,219,75,241,0.9819209
test14.png,170,129,188,149,0.9817662
test14.png,203,150,220,168,0.9783223
test14.png,133,386,154,411,0.9774415
test14.png,168,757,192,779,0.9763618
test14.png,343,883,365,904,0.97635627
test14.png,79,289,97,309,0.97480834
test14.png,171,149,189,165,0.97346866
test14.png,193,396,215,423,0.97013557
test14.png,217,217,239,241,0.96788603
test14.png,258,753,274,774,0.96513754
test14.png,257,174,279,196,0.96467954
test14.png,143,205,167,221,0.9561188
test14.png,108,413,132,438,0.9506164
test14.png,539,707,564,729,0.94170105
test14.png,0,582,16,606,0.9400688
test14.png,214,687,241,711,0.9387885
test14.png,178,296,203,320,0.91726184
test14.png,483,650,509,676,0.9160438
test14.png,271,812,287,831,0.90803725
test14.png,281,551,295,569,0.9037966
test14.png,83,313,109,348,0.89623874
test14.png,702,751,719,776,0.88000405
test14.png,269,193,293,216,0.8618635
test14.png,563,688,588,711,0.85189694
test14.png,265,262,281,283,0.8467033
test14.png,674,824,700,846,0.8458146
test14.png,459,252,477,279,0.84061164
test14.png,317,921,338,938,0.80286855
test14.png,0,706,13,729,0.78442967
test14.png,94,265,122,286,0.77084845
test14.png,471,751,485,769,0.74038976
test14.png,138,601,156,624,0.6709415
test14.png,444,1098,470,1123,0.6675182
test14.png,179,461,204,485,0.66234004
test14.png,304,596,320,611,0.64776933
test14.png,205,785,215,804,0.6034365
test14.png,29,654,47,673,0.5984607
test14.png,3,508,18,524,0.5902195
test14.png,386,791,400,804,0.46136588
test14.png,443,681,458,696,0.4462181
test14.png,464,570,476,582,0.42204946
test14.png,709,347,718,359,0.33228356
test14.png,561,779,572,801,0.25105384
test14.png,97,643,118,659,0.24704786
test14.png,0,505,22,535,0.19363867
test14.png,339,564,351,573,0.19120573
test14.png,67,310,107,353,0.0850892
test15.png,301,663,331,693,0.9994717
test15.png,138,261,170,297,0.9993748
test15.png,99,342,131,375,0.99931204
test15.png,77,562,116,601,0.99931157
test15.png,122,672,158,706,0.9993031
test15.png,200,431,229,460,0.9992888
test15.png,382,459,415,493,0.99915206
test15.png,48,652,80,680,0.9990822
test15.png,382,367,415,401,0.9989793
test15.png,69,239,95,264,0.99860376
test15.png,254,159,277,182,0.9985997
test15.png,171,355,202,385,0.9984861
test15.png,546,638,576,671,0.99841774
test15.png,251,295,286,332,0.99839044
test15.png,136,297,165,326,0.99805593
test15.png,315,435,348,464,0.9977398
test15.png,107,272,138,307,0.997715
test15.png,295,705,324,736,0.99747366
test15.png,333,380,369,416,0.99746215
test15.png,48,265,70,288,0.9973315
test15.png,557,665,586,690,0.9971372
test15.png,21,387,44,412,0.9968946
test15.png,278,693,305,721,0.9968545
test15.png,183,672,214,698,0.9964657
test15.png,68,338,99,369,0.9962119
test15.png,142,346,171,373,0.9954726
test15.png,412,334,440,361,0.9953218
test15.png,186,578,211,601,0.99513984
test15.png,134,376,163,406,0.9950777
test15.png,629,332,654,359,0.99467754
test15.png,49,367,75,395,0.99461985
test15.png,340,800,369,831,0.9944845
test15.png,47,527,85,559,0.99430436
test15.png,600,352,629,385,0.9942287
test15.png,238,745,267,772,0.9941168
test15.png,81,404,106,428,0.9935976
test15.png,252,136,274,158,0.9935736
test15.png,45,187,70,210,0.99322766
test15.png,385,336,411,365,0.9926279
test15.png,646,379,672,404,0.99006057
test15.png,263,178,287,200,0.9892273
test15.png,214,707,246,735,0.98894274
test15.png,22,189,44,212,0.9884824
test15.png,488,784,512,809,0.98734564
test15.png,1,366,19,393,0.9857589
test15.png,5,384,24,408,0.9857304
test15.png,154,120,177,141,0.98530906
test15.png,577,370,600,392,0.9850971
test15.png,46,210,68,232,0.983621
test15.png,312,913,336,937,0.983545
test15.png,269,929,291,954,0.9811561
test15.png,4,696,33,722,0.9809442
test15.png,10,214,32,235,0.9757583
test15.png,143,782,166,801,0.97381186
test15.png,648,858,672,880,0.9733916
test15.png,144,400,175,426,0.9730662
test15.png,667,783,693,808,0.97205365
test15.png,156,100,175,122,0.97075284
test15.png,317,463,342,480,0.97011685
test15.png,572,720,594,742,0.9678164
test15.png,442,482,466,510,0.9677797
test15.png,551,740,574,763,0.964217
test15.png,495,675,521,702,0.9628659
test15.png,234,775,255,799,0.9574265
test15.png,171,184,194,205,0.93784046
test15.png,192,124,213,145,0.935622
test15.png,177,410,203,436,0.9259272
test15.png,278,950,303,971,0.91814137
test15.png,429,753,455,778,0.90350944
test15.png,194,282,220,308,0.89524436
test15.png,344,221,368,249,0.8936217
test15.png,602,714,618,729,0.8864169
test15.png,65,222,85,237,0.8564438
test15.png,230,835,247,853,0.83236694
test15.png,311,599,323,622,0.8200907
test15.png,125,221,141,239,0.77089554
test15.png,1,204,14,221,0.76879466
test15.png,102,216,123,239,0.7662147
test15.png,165,806,176,827,0.7613885
test15.png,47,385,73,408,0.74050254
test15.png,518,269,534,289,0.7378113
test15.png,0,585,7,613,0.73780334
test15.png,197,394,217,419,0.71748763
test15.png,262,542,278,557,0.7123237
test15.png,142,612,158,638,0.6563326
test15.png,6,537,22,549,0.5964604
test15.png,559,606,574,618,0.581575
test15.png,175,222,190,234,0.5297438
test15.png,96,658,116,676,0.52152354
test15.png,402,854,422,868,0.48192337
test15.png,101,299,116,328,0.4691878
test15.png,268,520,277,532,0.3506327
test15.png,0,507,14,526,0.33641812
test15.png,78,296,118,335,0.26687697
test15.png,403,483,442,521,0.076418355
test15.png,109,219,127,239,0.06326674
test15.png,11,386,29,409,0.058716483
test16.png,158,690,193,724,0.99946696
test16.png,83,672,114,701,0.99946517
test16.png,110,580,148,618,0.99942565
test16.png,157,274,190,310,0.9993936
test16.png,263,165,287,190,0.9992015
test16.png,122,357,153,390,0.99916744
test16.png,406,373,440,407,0.9991485
test16.png,224,443,252,471,0.9991116
test16.png,409,467,441,502,0.9990283
test16.png,336,675,367,706,0.9987643
test16.png,79,253,108,279,0.99873966
test16.png,2,602,40,639,0.9985752
test16.png,359,389,393,423,0.9983571
test16.png,193,367,224,398,0.99820554
test16.png,59,280,82,303,0.9981858
test16.png,330,719,361,750,0.9981785
test16.png,127,285,158,320,0.99811053
test16.png,409,343,435,371,0.9979656
test16.png,583,643,614,674,0.99793005
test16.png,77,545,117,580,0.9976528
test16.png,271,303,309,342,0.9972283
test16.png,594,668,624,695,0.9966107
test16.png,217,592,241,616,0.99535805
test16.png,215,686,248,714,0.9953387
test16.png,628,353,654,385,0.9953069
test16.png,163,360,192,387,0.99529785
test16.png,156,310,183,340,0.99516356
test16.png,379,812,409,843,0.994749
test16.png,314,704,342,733,0.99459875
test16.png,344,444,376,473,0.99447757
test16.png,250,720,283,751,0.99432725
test16.png,67,383,94,411,0.994263
test16.png,670,378,699,404,0.9938771
test16.png,274,186,297,209,0.993877
test16.png,438,339,466,367,0.9937163
test16.png,525,792,550,817,0.9936427
test16.png,155,391,184,418,0.99274534
test16.png,38,404,62,429,0.99213165
test16.png,24,402,42,424,0.9920787
test16.png,654,330,678,356,0.99181104
test16.png,89,356,121,387,0.99112356
test16.png,31,204,53,227,0.9897737
test16.png,199,134,221,156,0.98763764
test16.png,101,419,126,444,0.9862673
test16.png,19,231,41,251,0.984493
test16.png,266,789,289,811,0.98356503
test16.png,308,943,331,969,0.9829463
test16.png,162,129,184,151,0.9828924
test16.png,177,797,201,819,0.9825921
test16.png,467,488,494,516,0.98162407
test16.png,54,203,77,224,0.98104024
test16.png,602,369,626,393,0.97974384
test16.png,592,746,617,769,0.9789382
test16.png,261,142,284,165,0.9779733
test16.png,56,224,78,246,0.9775848
test16.png,36,716,63,740,0.9752332
test16.png,612,726,635,748,0.9732623
test16.png,357,229,380,254,0.97228616
test16.png,318,965,343,986,0.969549
test16.png,168,413,197,438,0.96849835
test16.png,164,111,182,131,0.9682247
test16.png,196,420,223,447,0.96505684
test16.png,15,385,36,407,0.95888907
test16.png,351,927,376,952,0.9549119
test16.png,378,233,402,258,0.9424952
test16.png,271,759,299,786,0.9404269
test16.png,530,682,558,714,0.94013083
test16.png,1,220,20,242,0.934658
test16.png,686,861,712,884,0.9320551
test16.png,261,847,280,865,0.91338795
test16.png,470,763,493,787,0.9016804
test16.png,65,404,90,424,0.9015497
test16.png,278,548,292,569,0.896253
test16.png,213,292,238,319,0.86556274
test16.png,199,821,209,843,0.8648746
test16.png,341,470,370,491,0.85980487
test16.png,1,395,18,423,0.8537244
test16.png,104,313,135,349,0.84212714
test16.png,534,270,550,289,0.83745253
test16.png,74,235,95,250,0.8101959
test16.png,652,370,670,391,0.7664696
test16.png,431,493,462,523,0.756808
test16.png,175,635,189,654,0.6837254
test16.png,327,612,340,628,0.6454012
test16.png,438,863,457,876,0.5902097
test16.png,703,784,719,809,0.5861825
test16.png,37,556,53,569,0.5184297
test16.png,240,660,254,673,0.4117136
test16.png,128,233,151,250,0.33877185
test16.png,76,172,92,187,0.33305785
test16.png,683,435,696,449,0.26201543
test16.png,118,315,135,346,0.2551609
test16.png,19,391,39,412,0.11340366
test16.png,289,768,301,785,0.111212015
test17.png,61,516,101,560,0.9996419
test17.png,28,411,74,458,0.9994276
test17.png,420,696,466,744,0.9993807
test17.png,467,689,514,734,0.9991856
test17.png,25,721,63,762,0.9988833
test17.png,442,621,476,648,0.99790275
test17.png,567,916,617,962,0.99718165
test17.png,378,481,415,511,0.996833
test17.png,22,381,68,421,0.99675864
test17.png,415,478,445,503,0.99533623
test17.png,495,114,530,152,0.9922348
test17.png,419,864,453,904,0.99194396
test17.png,605,889,651,932,0.99159604
test17.png,400,679,431,723,0.98900014
test17.png,311,829,338,864,0.9882819
test17.png,220,829,246,852,0.98779404
test17.png,144,703,169,722,0.98709816
test17.png,476,630,501,653,0.98611605
test17.png,587,658,610,683,0.9766427
test17.png,560,817,590,849,0.975942
test17.png,171,737,186,764,0.9640177
test17.png,1,225,21,264,0.9325876
test17.png,610,745,622,763,0.9147366
test17.png,192,736,213,758,0.90248764
test17.png,341,439,360,462,0.9024361
test17.png,422,914,453,942,0.8701615
test17.png,584,546,625,573,0.8484241
test17.png,172,773,192,784,0.8387208
test17.png,37,527,53,545,0.8253392
test17.png,362,731,386,748,0.68169504
test17.png,5,231,31,263,0.52603495
test17.png,19,235,32,258,0.4850114
test17.png,436,678,452,695,0.467961
test17.png,173,736,207,765,0.44582304
test17.png,598,556,624,574,0.4016418
test17.png,507,323,521,347,0.3628937
test17.png,96,555,124,583,0.3543613
test17.png,482,366,505,399,0.3406968
test17.png,24,390,71,443,0.25795245
test17.png,265,1165,309,1212,0.22573604
test17.png,587,480,599,491,0.20460075
test17.png,72,473,82,490,0.13838953
test17.png,421,730,451,745,0.120574705
test17.png,311,827,332,844,0.110648304
test17.png,621,519,630,529,0.0915244
test17.png,413,681,460,730,0.08530509
test17.png,3,255,14,268,0.074961625
test17.png,516,53,530,70,0.0733372
test17.png,584,517,630,562,0.060863577
test17.png,24,580,39,589,0.0558199
test18.png,342,447,377,486,0.9996045
test18.png,450,887,498,937,0.9988733
test18.png,345,667,391,709,0.9981085
test18.png,0,485,17,529,0.9975231
test18.png,297,661,342,714,0.9969505
test18.png,413,99,441,131,0.9953176
test18.png,312,457,343,491,0.99351925
test18.png,421,786,457,830,0.9917704
test18.png,503,725,532,747,0.9896639
test18.png,155,796,180,821,0.9879149
test18.png,74,673,93,691,0.9807602
test18.png,481,518,516,556,0.9785018
test18.png,369,347,407,382,0.97676235
test18.png,95,703,133,733,0.9585704
test18.png,362,602,396,632,0.94939274
test18.png,490,866,529,906,0.9332148
test18.png,396,354,421,384,0.93319935
test18.png,369,704,382,722,0.79368025
test18.png,503,650,538,678,0.75762177
test18.png,711,815,718,842,0.5138507
test18.png,672,617,694,643,0.48772576
test18.png,93,705,105,724,0.45869935
test18.png,524,658,535,675,0.39299893
test18.png,524,447,533,467,0.32217512
test18.png,109,705,133,726,0.31942216
test18.png,360,887,389,912,0.30748722
test18.png,316,652,337,665,0.30035934
test18.png,685,535,715,567,0.2814607
test18.png,372,888,390,903,0.27044055
test18.png,88,789,104,802,0.265091
test18.png,479,587,489,608,0.23537728
test18.png,671,594,697,618,0.21016128
test18.png,540,622,556,633,0.17136876
test18.png,491,511,501,520,0.16029504
test18.png,445,682,455,707,0.1315863
test18.png,311,652,338,673,0.111968204
test18.png,380,618,396,635,0.10484661
test18.png,132,767,142,777,0.10459579
test18.png,400,282,410,294,0.10103948
test18.png,166,1120,208,1170,0.078870796
test18.png,501,651,523,661,0.061744064
test18.png,302,653,336,682,0.057130758
test18.png,510,446,536,489,0.0570869
test18.png,522,300,531,309,0.053183462
test19.png,292,429,326,465,0.9996822
test19.png,218,649,262,697,0.999331
test19.png,380,872,432,925,0.9987446
test19.png,268,652,315,691,0.99861693
test19.png,259,435,292,473,0.9982198
test19.png,426,850,467,894,0.9980375
test19.png,406,499,445,538,0.9979367
test19.png,37,686,77,719,0.99720335
test19.png,329,330,361,361,0.9958782
test19.png,342,768,379,814,0.994666
test19.png,99,780,124,805,0.99352634
test19.png,290,685,323,714,0.99299836
test19.png,448,710,481,734,0.9841993
test19.png,511,480,533,511,0.98028904
test19.png,655,802,681,828,0.9779955
test19.png,309,323,338,354,0.96623725
test19.png,273,830,290,855,0.95345014
test19.png,349,69,375,103,0.95101744
test19.png,468,501,492,529,0.9466756
test19.png,487,606,519,635,0.94019765
test19.png,447,423,465,441,0.93886465
test19.png,474,624,492,654,0.9384337
test19.png,315,582,354,608,0.9209236
test19.png,630,602,652,630,0.9030935
test19.png,331,427,346,444,0.8987111
test19.png,477,667,488,686,0.85882646
test19.png,235,636,262,651,0.806931
test19.png,403,570,417,591,0.7104644
test19.png,60,755,73,768,0.70213056
test19.png,18,656,35,672,0.6834628
test19.png,306,412,323,432,0.64849645
test19.png,433,511,470,567,0.637118
test19.png,1,75,18,96,0.4287228
test19.png,216,686,242,701,0.41690257
test19.png,437,554,450,567,0.35887328
test19.png,697,830,714,845,0.35132545
test19.png,453,517,470,553,0.35090193
test19.png,455,505,490,543,0.34175974
test19.png,331,870,354,894,0.32885966
test19.png,497,14,525,43,0.32794744
test19.png,600,573,624,588,0.31501862
test19.png,434,642,445,650,0.22771989
test19.png,238,883,266,908,0.19232053
test19.png,341,880,354,892,0.09982
test19.png,444,509,484,559,0.09145212
test19.png,60,721,84,733,0.07363537
test19.png,172,801,182,811,0.06912664
test19.png,318,5,356,20,0.05929984
test2.jpg,817,133,888,196,0.99991107
test2.jpg,903,625,966,685,0.99986947
test2.jpg,216,76,280,146,0.9998318
test2.jpg,849,245,910,300,0.9998062
test2.jpg,90,421,150,483,0.9995912
test2.jpg,256,41,315,95,0.99949694
test2.jpg,430,102,467,151,0.99945647
test2.jpg,949,302,1015,368,0.9994473
test2.jpg,167,31,240,102,0.99941707
test2.jpg,367,120,412,171,0.999321
test2.jpg,107,114,150,154,0.9992816
test2.jpg,282,661,338,707,0.9991922
test2.jpg,456,0,501,30,0.99918085
test2.jpg,884,324,954,388,0.9990422
test2.jpg,118,23,166,74,0.9990054
test2.jpg,145,1,191,43,0.99889404
test2.jpg,284,101,335,154,0.99880004
test2.jpg,71,0,131,54,0.99872905
test2.jpg,214,312,269,368,0.99870765
test2.jpg,926,248,976,301,0.99851483
test2.jpg,444,154,507,203,0.99828523
test2.jpg,190,745,246,804,0.99820316
test2.jpg,13,385,61,432,0.99804616
test2.jpg,462,113,507,151,0.9978435
test2.jpg,963,531,1006,588,0.99780804
test2.jpg,505,128,561,189,0.9967012
test2.jpg,874,303,925,346,0.99655414
test2.jpg,1090,429,1113,454,0.99638075
test2.jpg,1177,331,1202,354,0.9942192
test2.jpg,1193,701,1217,725,0.99408334
test2.jpg,1113,426,1140,449,0.99281913
test2.jpg,535,16,578,68,0.9906499
test2.jpg,1181,354,1203,371,0.98499554
test2.jpg,1253,411,1279,435,0.9808437
test2.jpg,1234,695,1258,720,0.97911376
test2.jpg,77,426,100,481,0.961849
test2.jpg,1153,350,1177,371,0.9544305
test2.jpg,1220,700,1237,723,0.94780535
test2.jpg,218,0,253,16,0.92068136
test2.jpg,452,27,494,53,0.916941
test2.jpg,1250,335,1277,372,0.884084
test2.jpg,1255,649,1277,665,0.8716759
test2.jpg,81,365,104,402,0.7815304
test2.jpg,1180,371,1198,388,0.739428
test2.jpg,219,614,230,642,0.73242265
test2.jpg,1166,321,1184,336,0.7320663
test2.jpg,1198,748,1224,773,0.6776861
test2.jpg,1173,766,1198,789,0.6678622
test2.jpg,1233,757,1258,775,0.65738463
test2.jpg,1233,608,1257,625,0.6491514
test2.jpg,250,620,270,641,0.64076096
test2.jpg,540,17,576,47,0.640198
test2.jpg,123,326,160,355,0.6374878
test2.jpg,1,388,20,401,0.6235522
test2.jpg,572,23,590,45,0.611448
test2.jpg,1213,695,1230,718,0.58186364
test2.jpg,1233,393,1247,408,0.5652984
test2.jpg,600,32,610,53,0.54599774
test2.jpg,2,442,20,462,0.5035478
test2.jpg,1194,417,1212,433,0.4491152
test2.jpg,885,190,910,205,0.44591692
test2.jpg,602,29,646,73,0.42649022
test2.jpg,83,358,139,404,0.42362913
test2.jpg,29,437,47,449,0.40007687
test2.jpg,1185,375,1206,388,0.33053997
test2.jpg,495,724,522,749,0.32332632
test2.jpg,1110,470,1132,485,0.26831737
test2.jpg,444,79,457,92,0.2624972
test2.jpg,223,739,237,751,0.24939217
test2.jpg,0,389,11,400,0.24050632
test2.jpg,79,426,98,436,0.181289
test2.jpg,451,797,495,814,0.16010988
test2.jpg,220,356,254,373,0.12966625
test2.jpg,449,78,468,92,0.11085945
test2.jpg,278,108,296,137,0.10998525
test2.jpg,1272,287,1279,300,0.0921623
test2.jpg,26,422,48,439,0.08586232
test2.jpg,275,648,307,670,0.06830667
test2.jpg,223,614,269,649,0.05798655
test2.jpg,78,29,117,52,0.052331574
test20.png,213,308,249,345,0.9998404
test20.png,61,205,100,247,0.99980754
test20.png,26,257,73,303,0.99975234
test20.png,203,230,240,266,0.9995459
test20.png,102,596,138,631,0.9995321
test20.png,179,200,214,238,0.99944216
test20.png,71,77,110,116,0.9992086
test20.png,296,430,330,462,0.99915063
test20.png,616,667,656,704,0.9988776
test20.png,596,937,643,980,0.99856734
test20.png,219,793,256,836,0.998268
test20.png,615,571,668,614,0.99803716
test20.png,242,328,270,363,0.9967474
test20.png,112,735,145,765,0.9964587
test20.png,411,854,441,889,0.9964562
test20.png,687,589,718,634,0.99643385
test20.png,210,340,230,366,0.99585503
test20.png,27,312,66,347,0.99559385
test20.png,205,521,237,559,0.9947395
test20.png,364,862,398,890,0.9945445
test20.png,457,788,485,813,0.9940697
test20.png,204,446,238,477,0.9940402
test20.png,557,881,586,908,0.9910653
test20.png,15,657,49,687,0.98312426
test20.png,623,556,652,573,0.9830482
test20.png,651,453,679,480,0.9814108
test20.png,70,306,97,335,0.98130417
test20.png,234,525,256,548,0.9779929
test20.png,522,939,557,971,0.9746149
test20.png,422,889,440,907,0.9705503
test20.png,7,339,29,363,0.96901
test20.png,584,565,609,596,0.9689363
test20.png,625,796,657,817,0.9593195
test20.png,256,825,283,852,0.9559456
test20.png,135,180,159,204,0.9525379
test20.png,356,891,383,916,0.9457108
test20.png,400,951,420,968,0.94481194
test20.png,260,668,293,702,0.936678
test20.png,502,818,524,832,0.9244929
test20.png,439,805,463,829,0.8845488
test20.png,395,1014,417,1041,0.881509
test20.png,547,796,570,812,0.85966223
test20.png,552,908,580,935,0.85228574
test20.png,708,632,718,647,0.8435519
test20.png,655,478,686,506,0.83506525
test20.png,535,564,559,580,0.7891708
test20.png,545,727,560,745,0.75702393
test20.png,190,784,215,810,0.72664356
test20.png,667,476,686,492,0.7017287
test20.png,495,767,506,780,0.64733523
test20.png,293,868,322,890,0.59129214
test20.png,117,571,133,592,0.56439084
test20.png,85,604,105,630,0.56352293
test20.png,99,295,130,330,0.54933226
test20.png,605,744,621,758,0.46710017
test20.png,103,696,135,711,0.4259038
test20.png,262,500,277,513,0.4034926
test20.png,653,491,676,505,0.37046504
test20.png,189,784,200,799,0.27154893
test20.png,57,604,73,616,0.23533553
test20.png,710,791,719,805,0.20367743
test20.png,90,589,102,598,0.15831168
test20.png,312,826,321,846,0.1567179
test20.png,708,595,719,644,0.14711645
test20.png,484,685,499,697,0.1407962
test20.png,94,587,111,599,0.10869221
test20.png,82,589,113,630,0.10736361
test20.png,549,909,589,947,0.053685647
test3.jpg,529,69,586,125,0.9998919
test3.jpg,505,130,562,186,0.99988484
test3.jpg,26,235,89,297,0.99987924
test3.jpg,7,283,67,343,0.9998348
test3.jpg,386,307,437,356,0.9995554
test3.jpg,188,0,227,31,0.99764365
test3.jpg,536,326,572,364,0.9971969
test3.jpg,383,254,421,298,0.9963175
test3.jpg,63,285,94,327,0.99609643
test3.jpg,158,99,197,128,0.99380976
test3.jpg,13,75,67,141,0.99155337
test3.jpg,0,278,15,320,0.99085873
test3.jpg,239,297,361,426,0.9876249
test3.jpg,3,140,41,187,0.9834337
test3.jpg,105,331,266,497,0.97545105
test3.jpg,302,510,325,528,0.94994813
test3.jpg,127,184,255,293,0.9353933
test3.jpg,188,44,215,74,0.9227076
test3.jpg,13,339,51,362,0.7544503
test3.jpg,261,527,296,565,0.73840636
test3.jpg,217,558,261,598,0.6512056
test3.jpg,475,558,491,574,0.5734308
test3.jpg,38,145,52,161,0.5172481
test3.jpg,244,544,274,574,0.51505435
test3.jpg,385,241,406,257,0.47173074
test3.jpg,0,327,15,344,0.36330014
test3.jpg,1,260,26,288,0.30045766
test3.jpg,560,389,583,409,0.28091705
test3.jpg,38,51,63,78,0.1758674
test3.jpg,10,326,45,345,0.17417124
test3.jpg,35,147,54,170,0.1554665
test3.jpg,52,434,95,466,0.1520379
test3.jpg,0,169,14,195,0.1509607
test3.jpg,124,257,148,306,0.14081706
test3.jpg,1,327,10,341,0.14063638
test3.jpg,9,329,45,358,0.133933
test3.jpg,17,141,40,180,0.13151272
test3.jpg,85,255,96,277,0.109184824
test3.jpg,581,387,591,403,0.09394623
test3.jpg,285,257,342,305,0.09077524
test3.jpg,64,37,82,47,0.07938913
test3.jpg,187,99,197,115,0.072354585
test3.jpg,13,72,41,97,0.06823846
test3.jpg,0,206,9,217,0.065035924
test3.jpg,11,79,22,95,0.054174338
test3.jpg,76,285,94,316,0.05367664
test3.jpg,216,541,280,598,0.052969072
test4.jpg,751,334,894,460,0.9999589
test4.jpg,413,343,566,496,0.999933
test4.jpg,270,56,426,197,0.9999145
test4.jpg,466,27,584,122,0.9998789
test4.jpg,320,197,452,335,0.9995591
test4.jpg,585,408,722,536,0.9995437
test4.jpg,698,468,820,594,0.9992754
test4.jpg,736,672,859,778,0.9992494
test4.jpg,552,367,607,458,0.9990288
test4.jpg,379,467,501,577,0.9989152
test4.jpg,612,668,722,776,0.9986254
test4.jpg,162,70,241,135,0.99842644
test4.jpg,343,329,456,447,0.9975682
test4.jpg,248,233,317,303,0.9967206
test4.jpg,813,506,929,602,0.9952513
test4.jpg,4,2,95,61,0.99146503
test4.jpg,513,540,592,599,0.98704344
test4.jpg,86,2,155,54,0.9537885
test4.jpg,378,691,498,768,0.8240325
test4.jpg,871,511,929,598,0.8136929
test4.jpg,756,654,798,670,0.6765832
test4.jpg,815,511,863,597,0.42752293
test4.jpg,905,636,949,691,0.3495573
test4.jpg,300,6,367,51,0.29475522
test4.jpg,784,138,800,159,0.22109722
test4.jpg,399,185,448,219,0.21665712
test4.jpg,753,653,803,688,0.1965361
test4.jpg,611,698,650,772,0.112258695
test4.jpg,365,507,384,534,0.08412592
test4.jpg,261,232,319,251,0.07861127
test4.jpg,291,4,356,28,0.07268381
test4.jpg,890,2,928,23,0.06931487
test4.jpg,337,10,359,34,0.06319892
test5.jpg,0,1799,299,2104,0.99992764
test5.jpg,366,1383,629,1640,0.99989533
test5.jpg,2459,973,2734,1230,0.9998222
test5.jpg,108,1293,390,1594,0.99979836
test5.jpg,822,729,1158,1049,0.999736
test5.jpg,2573,1606,2892,1884,0.9996357
test5.jpg,663,1982,1011,2250,0.9996346
test5.jpg,508,725,776,954,0.99944764
test5.jpg,323,1138,587,1383,0.9994234
test5.jpg,2749,1792,3000,2052,0.9992488
test5.jpg,92,670,442,993,0.9991605
test5.jpg,1556,650,1937,932,0.9982494
test5.jpg,1266,1423,1666,1711,0.9977272
test5.jpg,326,860,595,1145,0.99738866
test5.jpg,1263,490,1650,802,0.9970175
test5.jpg,871,1029,1108,1365,0.9964353
test5.jpg,787,1802,999,2014,0.99630946
test5.jpg,1,1067,341,1376,0.9953557
test5.jpg,2090,747,2455,1106,0.995084
test5.jpg,570,898,804,1182,0.9949397
test5.jpg,6,825,203,1057,0.99429387
test5.jpg,1871,659,2159,937,0.9940006
test5.jpg,1902,904,2163,1162,0.99278694
test5.jpg,2083,1405,2396,1613,0.992722
test5.jpg,1003,939,1376,1293,0.9908264
test5.jpg,1574,905,1964,1245,0.98828655
test5.jpg,1278,1074,1665,1433,0.9759405
test5.jpg,1620,1355,2013,1707,0.97369194
test5.jpg,1877,1156,2216,1497,0.9701361
test5.jpg,1008,1285,1352,1605,0.969465
test5.jpg,1174,751,1561,1080,0.9651699
test5.jpg,1650,1247,1878,1385,0.96269196
test5.jpg,1940,1530,2141,1696,0.95803326
test5.jpg,2,953,88,1128,0.9249601
test5.jpg,2186,1060,2584,1419,0.8617002
test5.jpg,1566,1274,1692,1474,0.8389135
test5.jpg,141,978,400,1201,0.8196618
test5.jpg,1130,505,1301,791,0.54658735
test5.jpg,11,679,411,1379,0.12563083
test5.jpg,2753,1844,2873,2015,0.09302501
test5.jpg,90,740,133,812,0.08720039
test5.jpg,1994,698,2160,935,0.07987777
test5.jpg,359,1448,410,1550,0.075092
test5.jpg,2498,1199,2676,1370,0.06902732
test5.jpg,2576,1695,2657,1832,0.06537172
test5.jpg,895,1052,946,1122,0.062388543
test5.jpg,2108,762,2514,1323,0.05304921
test5.jpg,1142,804,1194,920,0.05264281
test5.jpg,1583,1624,1661,1709,0.051712863
test5.jpg,1578,835,1968,1695,0.05089561
test6jpg,106,405,396,662,0.996523
test6jpg,612,841,858,1090,0.98914135
test6jpg,428,655,715,908,0.97796625
test6jpg,594,585,652,628,0.85175276
test6jpg,581,527,634,580,0.7476774
test6jpg,287,211,338,270,0.52273554
test6jpg,517,514,583,567,0.118381284
test6jpg,537,602,566,632,0.10361796
test6jpg,755,744,796,787,0.10295667
test6jpg,537,598,595,647,0.09966554
test6jpg,588,646,619,668,0.08482923
test6jpg,655,634,703,685,0.08282123
test6jpg,231,430,392,650,0.07968066
test6jpg,640,620,662,652,0.07618364
test6jpg,578,611,598,636,0.072122954
test6jpg,433,452,457,488,0.06629459
test6jpg,358,422,385,449,0.059813153
test6jpg,584,527,627,546,0.051946536
test7.jpeg,222,159,241,177,0.9992022
test7.jpeg,239,93,274,127,0.9856133
test7.jpeg,63,121,87,155,0.9439963
test7.jpeg,218,100,245,130,0.8444772
test7.jpeg,254,0,266,11,0.7933015
test7.jpeg,84,75,150,131,0.76082045
test7.jpeg,254,0,265,6,0.6164612
test7.jpeg,236,94,247,111,0.53516483
test7.jpeg,205,101,246,138,0.49323472
test7.jpeg,89,127,133,163,0.48807234
test7.jpeg,206,103,218,122,0.4759711
test7.jpeg,207,116,237,139,0.32703766
test7.jpeg,253,122,265,128,0.2308621
test7.jpeg,182,21,193,33,0.22107995
test7.jpeg,214,100,231,121,0.13063236
test7.jpeg,92,134,106,154,0.10938703
test7.jpeg,212,95,263,134,0.074525595
test7.jpeg,98,75,114,89,0.060159594
test7.jpeg,206,102,223,138,0.052291837
test7.jpeg,237,96,245,108,0.051341224
test8.jpg,458,26,499,67,0.9998153
test8.jpg,225,301,276,347,0.9997843
test8.jpg,376,320,416,350,0.9996648
test8.jpg,434,151,451,168,0.9987931
test8.jpg,352,295,389,339,0.9984712
test8.jpg,220,226,275,272,0.9984535
test8.jpg,420,69,460,105,0.99843794
test8.jpg,283,215,321,258,0.998145
test8.jpg,466,304,498,332,0.99772125
test8.jpg,272,195,304,222,0.9961816
test8.jpg,357,216,388,247,0.9916142
test8.jpg,435,256,458,276,0.99086434
test8.jpg,281,278,319,306,0.98961395
test8.jpg,127,253,148,270,0.98882174
test8.jpg,317,206,351,241,0.97003907
test8.jpg,95,239,109,256,0.93946606
test8.jpg,122,263,137,276,0.9283338
test8.jpg,467,101,496,126,0.90431374
test8.jpg,51,299,65,316,0.89921385
test8.jpg,79,245,91,254,0.8902103
test8.jpg,147,283,154,292,0.8344196
test8.jpg,410,189,424,202,0.8211261
test8.jpg,69,245,77,253,0.81372064
test8.jpg,351,273,365,290,0.80378693
test8.jpg,368,247,382,255,0.7312497
test8.jpg,298,25,323,47,0.7106827
test8.jpg,82,275,98,289,0.7044767
test8.jpg,429,267,441,281,0.6885887
test8.jpg,412,74,425,92,0.6874602
test8.jpg,119,306,131,317,0.6722772
test8.jpg,423,134,444,152,0.5994752
test8.jpg,52,187,72,197,0.52551705
test8.jpg,453,66,469,88,0.50444454
test8.jpg,427,134,446,142,0.45944095
test8.jpg,109,258,123,270,0.37688777
test8.jpg,274,28,306,52,0.3552288
test8.jpg,135,237,148,245,0.35266817
test8.jpg,100,266,114,278,0.34314477
test8.jpg,352,272,359,280,0.32529944
test8.jpg,389,170,404,186,0.31892365
test8.jpg,439,277,450,289,0.30479032
test8.jpg,50,311,57,317,0.26841605
test8.jpg,430,268,449,288,0.26434034
test8.jpg,438,183,451,191,0.25552687
test8.jpg,25,261,37,270,0.24126418
test8.jpg,416,269,430,283,0.23505725
test8.jpg,277,278,288,296,0.23504812
test8.jpg,55,298,65,306,0.20721279
test8.jpg,105,306,118,318,0.20366208
test8.jpg,159,199,175,213,0.20138305
test8.jpg,122,243,140,254,0.20072022
test8.jpg,351,272,362,284,0.1782759
test8.jpg,450,322,460,329,0.17612696
test8.jpg,460,303,474,314,0.1634802
test8.jpg,290,26,314,46,0.16005197
test8.jpg,475,327,495,334,0.15146126
test8.jpg,450,228,458,235,0.14780967
test8.jpg,429,262,451,281,0.1429563
test8.jpg,164,162,171,168,0.14267728
test8.jpg,151,336,162,343,0.1245773
test8.jpg,110,128,127,140,0.11795429
test8.jpg,323,218,348,240,0.11792358
test8.jpg,317,201,331,217,0.11603808
test8.jpg,69,244,89,254,0.116000466
test8.jpg,278,277,303,301,0.11212698
test8.jpg,21,238,34,251,0.104624815
test8.jpg,368,248,375,255,0.10366508
test8.jpg,484,99,497,114,0.09906662
test8.jpg,395,141,410,153,0.08560388
test8.jpg,468,119,482,125,0.08167772
test8.jpg,31,307,40,313,0.08064984
test8.jpg,372,233,388,247,0.07437135
test8.jpg,186,102,297,195,0.06762641
test8.jpg,382,302,390,308,0.06715049
test8.jpg,304,0,336,27,0.059714712
test8.jpg,265,89,283,104,0.058161363
test8.jpg,300,0,392,40,0.05518877
test8.jpg,468,105,482,124,0.05383079
test8.jpg,278,25,333,51,0.05353047
test8.jpg,17,210,24,217,0.05033958
test9.jpg,1293,933,1408,1043,0.99972266
test9.jpg,1379,543,1598,752,0.99289227
test9.jpg,1055,114,1149,213,0.97797936
test9.jpg,1180,581,1433,822,0.9737717
test9.jpg,531,739,763,939,0.96165013
test9.jpg,1473,2,1558,68,0.9249248
test9.jpg,507,427,852,786,0.9075172
test9.jpg,372,716,531,924,0.8746776
test9.jpg,1472,0,1557,33,0.52531415
test9.jpg,1297,169,1333,193,0.4900519
test9.jpg,1380,557,1428,636,0.4523145
test9.jpg,931,997,995,1051,0.44503644
test9.jpg,1023,896,1068,962,0.4414943
test9.jpg,1014,1006,1095,1066,0.39811873
test9.jpg,1418,1,1455,46,0.27324075
test9.jpg,1058,163,1146,238,0.26248965
test9.jpg,439,704,506,796,0.23265897
test9.jpg,1284,590,1413,776,0.20966314
test9.jpg,984,936,1025,980,0.18686886
test9.jpg,1200,670,1386,813,0.18661617
test9.jpg,1326,817,1390,877,0.1852225
test9.jpg,1392,792,1447,845,0.15916638
test9.jpg,176,563,227,625,0.12612253
test9.jpg,1498,21,1558,68,0.12379018
test9.jpg,1504,2,1558,28,0.11828629
test9.jpg,1424,18,1454,43,0.11324604
test9.jpg,1478,8,1525,68,0.09629053
test9.jpg,669,757,756,878,0.078751214
test9.jpg,1304,803,1351,827,0.06962012
test9.jpg,1203,590,1345,729,0.06708917
test9.jpg,1478,715,1548,747,0.06396144
test9.jpg,950,4,1007,49,0.06389474
test9.jpg,490,746,525,794,0.05454456
